%YAML:1.0
---
aruco_bc_dict: ARUCO_MIP_36h12
aruco_bc_nmarkers: 12
aruco_bc_mInfoType: 1
aruco_bc_markers:
   - { id:60, corners:[ [ -2.9982000589370728e-01,
       -1.9987998902797699e-01, 0. ], [ -9.9939994513988495e-02,
       -1.9987998902797699e-01, 0. ], [ -9.9939994513988495e-02,
       -3.9975997805595398e-01, 0. ], [ -2.9982000589370728e-01,
       -3.9975997805595398e-01, 0. ] ] }
   - { id:61, corners:[ [ -5.9963997453451157e-02,
       -1.9987998902797699e-01, 0. ], [ 1.3991600275039673e-01,
       -1.9987998902797699e-01, 0. ], [ 1.3991600275039673e-01,
       -3.9975997805595398e-01, 0. ], [ -5.9963997453451157e-02,
       -3.9975997805595398e-01, 0. ] ] }
   - { id:62, corners:[ [ 1.7989200353622437e-01,
       -1.9987998902797699e-01, 0. ], [ 3.7977200746536255e-01,
       -1.9987998902797699e-01, 0. ], [ 3.7977200746536255e-01,
       -3.9975997805595398e-01, 0. ], [ 1.7989200353622437e-01,
       -3.9975997805595398e-01, 0. ] ] }
   - { id:63, corners:[ [ -2.9982000589370728e-01,
       3.9976000785827637e-02, 0. ], [ -9.9939994513988495e-02,
       3.9976000785827637e-02, 0. ], [ -9.9939994513988495e-02,
       -1.5990400314331055e-01, 0. ], [ -2.9982000589370728e-01,
       -1.5990400314331055e-01, 0. ] ] }
   - { id:64, corners:[ [ -5.9963997453451157e-02,
       3.9976000785827637e-02, 0. ], [ 1.3991600275039673e-01,
       3.9976000785827637e-02, 0. ], [ 1.3991600275039673e-01,
       -1.5990400314331055e-01, 0. ], [ -5.9963997453451157e-02,
       -1.5990400314331055e-01, 0. ] ] }
   - { id:65, corners:[ [ 1.7989200353622437e-01, 3.9976000785827637e-02,
       0. ], [ 3.7977200746536255e-01, 3.9976000785827637e-02, 0. ], [
       3.7977200746536255e-01, -1.5990400314331055e-01, 0. ], [
       1.7989200353622437e-01, -1.5990400314331055e-01, 0. ] ] }
   - { id:66, corners:[ [ -2.9982000589370728e-01,
       2.7983200550079346e-01, 0. ], [ -9.9939994513988495e-02,
       2.7983200550079346e-01, 0. ], [ -9.9939994513988495e-02,
       7.9952001571655273e-02, 0. ], [ -2.9982000589370728e-01,
       7.9952001571655273e-02, 0. ] ] }
   - { id:67, corners:[ [ -5.9963997453451157e-02,
       2.7983200550079346e-01, 0. ], [ 1.3991600275039673e-01,
       2.7983200550079346e-01, 0. ], [ 1.3991600275039673e-01,
       7.9952001571655273e-02, 0. ], [ -5.9963997453451157e-02,
       7.9952001571655273e-02, 0. ] ] }
   - { id:68, corners:[ [ 1.7989200353622437e-01, 2.7983200550079346e-01,
       0. ], [ 3.7977200746536255e-01, 2.7983200550079346e-01, 0. ], [
       3.7977200746536255e-01, 7.9952001571655273e-02, 0. ], [
       1.7989200353622437e-01, 7.9952001571655273e-02, 0. ] ] }
   - { id:69, corners:[ [ -2.9982000589370728e-01,
       5.1968801021575928e-01, 0. ], [ -9.9939994513988495e-02,
       5.1968801021575928e-01, 0. ], [ -9.9939994513988495e-02,
       3.1980800628662109e-01, 0. ], [ -2.9982000589370728e-01,
       3.1980800628662109e-01, 0. ] ] }
   - { id:70, corners:[ [ -5.9963997453451157e-02,
       5.1968801021575928e-01, 0. ], [ 1.3991600275039673e-01,
       5.1968801021575928e-01, 0. ], [ 1.3991600275039673e-01,
       3.1980800628662109e-01, 0. ], [ -5.9963997453451157e-02,
       3.1980800628662109e-01, 0. ] ] }
   - { id:71, corners:[ [ 1.7989200353622437e-01, 5.1968801021575928e-01,
       0. ], [ 3.7977200746536255e-01, 5.1968801021575928e-01, 0. ], [
       3.7977200746536255e-01, 3.1980800628662109e-01, 0. ], [
       1.7989200353622437e-01, 3.1980800628662109e-01, 0. ] ] }
