%YAML:1.0
---
aruco_bc_dict: ARUCO_MIP_36h12
aruco_bc_nmarkers: 4
aruco_bc_mInfoType: 0
aruco_bc_markers:
   - { id:227, corners:[ [ 0, 8000, 0 ], [ 8000, 8000, 0 ],
       [ 8000, 0, 0 ], [ 0, 0, 0 ] ] }
   - { id:244, corners:[ [ 10000, 8000, 0 ], [ 18000, 8000, 0 ], [
       18000, 0, 0 ], [ 10000, 0, 0 ] ] }
   - { id:161, corners:[ [ 0, 18000, 0 ], [ 8000, 18000, 0 ],
       [ 8000, 10000, 0 ], [ 0, 10000, 0 ] ] }
   - { id:166, corners:[ [ 10000, 18000, 0 ], [ 18000, 18000, 0 ], [
       18000, 10000, 0 ], [ 10000, 10000, 0 ] ] }

