%YAML:1.0
---
CameraMat: !!opencv-matrix
   rows: 3
   cols: 3
   dt: d
   data: [ 1.9310943000000000e+03, 0., 9.4977191700000003e+02, 0.,
       1.9323061980000000e+03, 5.5201076200000000e+02, 0., 0., 1. ]
DistCoeff: !!opencv-matrix
   rows: 1
   cols: 5
   dt: d
   data: [ -5.7995600000000003e-01, 3.7999699999999997e-01,
       -1.7370000000000000e-03, 3.0929999999999998e-03,
       -1.9015499999999999e-01 ]
ImageSize: [ 1920, 1020 ]
CameraExtrinsicMat: !!opencv-matrix
   rows: 4
   cols: 4
   dt: d
   data: [ 9.9999348857111847e-01, 1.9654147033073849e-03,
       -3.0265426493334378e-03, 1.4949166557142852e-03,
       -3.0243398704653110e-03, -1.1227770857901252e-03,
       -9.9999479635644273e-01, -1.9449802835361807e-01,
       -1.9688026087256649e-03, 9.9999743825504839e-01,
       -1.1168256928577702e-03, -1.4881334151340356e-01, 0., 0., 0., 1. ]
Pose: [ 1.4949166557142852e-03, -1.9449802835361807e-01,
    -1.4881334151340356e-01, 1.5719131578350019e+00,
    -3.0265472698542905e-03, -1.9654249703012338e-03 ]
