%YAML:1.0
---
CameraMat: !!opencv-matrix
   rows: 3
   cols: 3
   dt: d
   data: [ 1.0764860919670821e+03, 0., 9.6500880506938051e+02, 0.,
       1.0767893838376233e+03, 6.0947605352309836e+02, 0., 0., 1. ]
DistCoeff: !!opencv-matrix
   rows: 1
   cols: 5
   dt: d
   data: [ -1.1043137866105249e-01, 6.6171807358680848e-02,
       7.7975431524507821e-04, -1.8559733063788477e-04,
       -1.1911275243422776e-02 ]
ImageSize: [ 1920, 1200 ]

