%YAML:1.0
---
CameraMat: !!opencv-matrix
   rows: 3
   cols: 3
   dt: d
   data: [ 1072.635365, 0.000000, 972.742483, 
            0.000000, 1073.244381, 616.820964, 0.000000, 
            0.000000, 1.000000]
DistCoeff: !!opencv-matrix
   rows: 1
   cols: 5
   dt: d
   data: [ -0.121250, 0.095446, -0.000940, 
            0.000683, -0.030107]
ImageSize: [1920, 1200]

