%YAML:1.0
---
CameraMat: !!opencv-matrix
   rows: 3
   cols: 3
   dt: d
   data: [ 1.9310943000000000e+03, 0., 9.4977191700000003e+02, 0.,
       1.9323061980000000e+03, 5.5201076200000000e+02, 0., 0., 1. ]
DistCoeff: !!opencv-matrix
   rows: 1
   cols: 5
   dt: d
   data: [ -5.7995600000000003e-01, 3.7999699999999997e-01,
       -1.7370000000000000e-03, 3.0929999999999998e-03,
       -1.9015499999999999e-01 ]
ImageSize: [ 1920, 1020 ]
